Audio 1 - Final Label: 1, Frame Labels: [1 1 1 1 1 1 1 1 1 1 1 1 1 1 1], Scores: [0.56627685 0.5878495  0.68267    0.7870961  0.62426984 0.71347857
 0.6163241  0.5690248  0.54915124 0.7061866  0.5940692  0.50780255
 0.61031806 0.5919884  0.7811131 ]
Audio 2 - Final Label: 1, Frame Labels: [1 1 1 1 1 1 1 1 1 1 1 1 1 1 1 1 1 1 1 1 1 1 1 1], Scores: [0.5744592  0.69871664 0.68656313 0.62122166 0.6193562  0.6682981
 0.69701344 0.76409364 0.75224173 0.6284318  0.66953874 0.59479254
 0.5943083  0.58271956 0.59475756 0.60892475 0.639727   0.6537814
 0.6386159  0.65853685 0.6056476  0.6178862  0.6066024  0.6167446 ]
Audio 3 - Final Label: 1, Frame Labels: [1 1 1 1 1 1 1 1 1 1 1 1 1 1 1 1 1], Scores: [0.70746064 0.68304616 0.7114362  0.6970074  0.53580123 0.58982396
 0.58027387 0.5993835  0.5535891  0.5665521  0.5425346  0.60302144
 0.5589921  0.7183406  0.571153   0.5344872  0.56645447]
Audio 4 - Final Label: 1, Frame Labels: [1 1 1 1 1 1 1 1 1 1 1 1 1 1 1 1 1 1 1 1 1 1 1 1], Scores: [0.650389   0.55460495 0.56788206 0.6112093  0.6238401  0.53852904
 0.66272235 0.7037331  0.675441   0.60361356 0.71406364 0.73688763
 0.65861356 0.59112763 0.59240216 0.55972797 0.7357468  0.7052786
 0.6836447  0.55925053 0.55442876 0.6751143  0.70702654 0.58291316]
Audio 5 - Final Label: 1, Frame Labels: [1 1 1 1 1 1 1 1 1 1 1 1 1 1 1 1 1 1 1 1 1 1 1], Scores: [0.6919169  0.6291974  0.66725206 0.63421947 0.5831632  0.6389404
 0.6682249  0.572094   0.55377924 0.5735017  0.74728614 0.6075214
 0.70165956 0.59830713 0.5959929  0.5503766  0.6208989  0.596073
 0.662075   0.6741354  0.74020964 0.577257   0.5882489 ]
Audio 6 - Final Label: 1, Frame Labels: [1 1 1 1 1 1 1 1 1 1 1 1 1], Scores: [0.58063316 0.5383264  0.5972204  0.604942   0.59424615 0.63161397
 0.5536368  0.5376501  0.70951045 0.5639152  0.67504805 0.5809887
 0.5720049 ]
Audio 7 - Final Label: 1, Frame Labels: [1 1 1 1 1 1 1 1 1 1 1 1 1 1 1 1 1 1 1 1], Scores: [0.5912741  0.611385   0.65890443 0.59078425 0.5852151  0.5913278
 0.62927926 0.62088066 0.6726727  0.6029644  0.56943583 0.5582492
 0.5225843  0.71256137 0.59585994 0.6006435  0.5391147  0.58953196
 0.6125078  0.5653037 ]
Audio 8 - Final Label: 1, Frame Labels: [1 1 1 1 1 1 1 1 1 1 1 1], Scores: [0.6192957  0.6163229  0.60443497 0.5647443  0.5893863  0.61990273
 0.62590605 0.5356524  0.67274594 0.58716375 0.5767217  0.5958204 ]
Audio 9 - Final Label: 1, Frame Labels: [1 1 1 1 1 1 1 1 1 1 1 1 1 1 1 1 1 1 1 1 1], Scores: [0.5553621  0.5771357  0.73175395 0.5701325  0.75141114 0.724766
 0.7317227  0.61783886 0.5703395  0.69671714 0.55354494 0.6418243
 0.6519523  0.5506367  0.6635695  0.621101   0.57713604 0.702127
 0.5710709  0.6638197  0.5808731 ]
Audio 10 - Final Label: 1, Frame Labels: [1 1 1 1 1 1 1 1 1 1 1 1 1 1 1 1 1 1 1 1], Scores: [0.5912479  0.5932521  0.5902273  0.57871443 0.5828077  0.67059314
 0.52776325 0.6046793  0.72296405 0.5675357  0.58518165 0.6883133
 0.58710206 0.57327807 0.68796855 0.64841765 0.5909039  0.5811879
 0.59010607 0.5913029 ]
Audio 11 - Final Label: 1, Frame Labels: [1 1 1 1 1 1 1 1 1 1 1 1 1 1 1 1 1 1 1 1 1 1 1 1 1 1 1 1 1 1], Scores: [0.64506614 0.6690675  0.5834919  0.61311895 0.6241769  0.59748876
 0.59666544 0.6136136  0.677387   0.58159477 0.6840025  0.6937145
 0.62432116 0.5630004  0.5704307  0.60302114 0.66972005 0.5745038
 0.7077571  0.6517854  0.6812921  0.66764194 0.65285873 0.66191834
 0.687347   0.60457724 0.66486835 0.5849991  0.64566785 0.66547674]
Audio 12 - Final Label: 1, Frame Labels: [1 1 1 1 1 1 1 1 1 1 1 1 1 1 1 1 1 1 1 1], Scores: [0.587873   0.6571875  0.5513571  0.70264846 0.6868675  0.8158684
 0.5754465  0.68885535 0.7808608  0.7694196  0.610467   0.57161766
 0.59102416 0.6003206  0.61700684 0.54777855 0.6089296  0.6949664
 0.57348645 0.5949275 ]
Audio 13 - Final Label: 1, Frame Labels: [1 1 1 1 1 1 1 1 1 1 1 1 1 1 1 1 1 1], Scores: [0.5924151  0.63416773 0.59424734 0.7221011  0.5839906  0.5919869
 0.6202212  0.5729657  0.6209415  0.5763421  0.58758193 0.71925306
 0.5539511  0.55026895 0.56284887 0.6662611  0.5624974  0.57355714]
Audio 14 - Final Label: 1, Frame Labels: [1 1 1 1 1 1 1 1 1 1 1 1 1 1 1 1 1 1 1 1], Scores: [0.731507   0.6838975  0.6198395  0.5862423  0.5720856  0.6071037
 0.5994597  0.6065399  0.578242   0.6140867  0.61363804 0.5848741
 0.6242144  0.7051335  0.6564551  0.71199435 0.6323145  0.5658566
 0.5579154  0.5912408 ]
Audio 15 - Final Label: 1, Frame Labels: [1 1 1 1 1 1 1 1 1 1 1 1 1 1 1 1 1 1 1 1 1 1 1 1 1 1 1 1 1 1 1 1 1 1 1], Scores: [0.70776755 0.73129237 0.79122025 0.7657824  0.76920354 0.5407537
 0.6917126  0.6629291  0.6495145  0.5940163  0.578577   0.63158107
 0.65296596 0.57834977 0.6626846  0.72442883 0.5967761  0.614944
 0.59583277 0.5123719  0.54232585 0.7645881  0.6316735  0.52655005
 0.72638077 0.72350657 0.5642728  0.6337073  0.5349476  0.64103353
 0.5081764  0.6217729  0.5788153  0.5872262  0.7654913 ]
Audio 16 - Final Label: 1, Frame Labels: [1 1 1 1 1 1 1 1 1 1 1 1 1 1 1], Scores: [0.7549781  0.74393207 0.5529847  0.55152494 0.57608515 0.5494611
 0.7108532  0.6241312  0.6923954  0.5706768  0.60658646 0.60554934
 0.78112084 0.56391037 0.7044304 ]
Audio 17 - Final Label: 1, Frame Labels: [1 1 1 1 1 1 1 1 1 1 1 1 1 1 1 1 1 1 1 1 1 1 1 1 1 1 1 1 1 1 1 1 1 1 1], Scores: [0.60767645 0.5715591  0.5895057  0.69729793 0.6005011  0.57836336
 0.5833456  0.6152772  0.60858494 0.57500833 0.56431055 0.62112254
 0.5698641  0.56599885 0.63173556 0.55796355 0.5786465  0.6504451
 0.6572882  0.6264585  0.5825294  0.6131317  0.68229216 0.6204565
 0.63732094 0.57680094 0.5879237  0.58722854 0.58612305 0.64192784
 0.5862126  0.58667517 0.580075   0.57356775 0.54121876]
Audio 18 - Final Label: 1, Frame Labels: [1 1 1 1 1 1 1 1 1 1 1 1], Scores: [0.6333273  0.53791    0.64225227 0.5554019  0.58960783 0.5231737
 0.6282945  0.5827302  0.6145729  0.5458543  0.54879296 0.61614984]
Audio 19 - Final Label: 1, Frame Labels: [1 1 1 1 1 1 1 1 1], Scores: [0.7144738  0.8503853  0.5652648  0.5852574  0.52810454 0.50522864
 0.53929496 0.6046912  0.5516964 ]
Audio 20 - Final Label: 1, Frame Labels: [1 1 1 1 1 1 1 1 1 1 1 1 1 1], Scores: [0.72635275 0.72885066 0.69982785 0.5888075  0.59648716 0.5580186
 0.5907906  0.7558995  0.587559   0.58127946 0.6758567  0.69605625
 0.57569    0.6344526 ]
